0.23504273504273523  0.08012820512820515  0.08012820512820515  -0.10683760683760686  0.01602564102564101  0.016025641025641017  -0.08547008547008544  -0.08012820512820515  0.008012820512820516  0.05341880341880343  -0.016025641025640986  0.04006410256410252  -0.005341880341880351  -0.008012820512820517  -0.008012820512820519  0.05341880341880344  0.040064102564102505  -0.016025641025641003  -0.08547008547008544  0.00801282051282052  -0.08012820512820515  -0.05876068376068366  -0.04006410256410253  -0.04006410256410254  
0.08012820512820511  0.23504273504273523  0.08012820512820512  -0.016025641025641003  0.05341880341880345  0.04006410256410253  -0.08012820512820508  -0.08547008547008544  0.008012820512820514  0.016025641025641024  -0.10683760683760687  0.016025641025641017  0.008012820512820517  -0.08547008547008533  -0.08012820512820511  0.04006410256410251  0.05341880341880345  -0.016025641025641007  -0.0080128205128205  -0.0053418803418803385  -0.008012820512820514  -0.040064102564102526  -0.05876068376068369  -0.040064102564102526  
0.08012820512820511  0.08012820512820512  0.23504273504273526  -0.016025641025641003  0.04006410256410253  0.05341880341880346  -0.0080128205128205  -0.008012820512820517  -0.005341880341880333  0.04006410256410252  -0.016025641025640993  0.05341880341880346  0.008012820512820519  -0.08012820512820511  -0.08547008547008533  0.01602564102564102  0.01602564102564101  -0.1068376068376069  -0.08012820512820508  0.008012820512820516  -0.08547008547008544  -0.04006410256410253  -0.040064102564102526  -0.05876068376068372  
-0.10683760683760686  -0.016025641025641003  -0.016025641025641  0.23504273504273518  -0.08012820512820511  -0.08012820512820511  0.05341880341880348  0.016025641025641014  -0.04006410256410253  -0.08547008547008544  0.08012820512820512  -0.008012820512820517  -0.05876068376068366  0.040064102564102505  0.04006410256410252  -0.08547008547008544  -0.008012820512820517  0.08012820512820511  0.05341880341880348  -0.04006410256410253  0.016025641025641024  -0.005341880341880351  0.008012820512820514  0.008012820512820512  
0.01602564102564102  0.05341880341880346  0.040064102564102526  -0.08012820512820511  0.23504273504273515  0.08012820512820513  -0.016025641025641017  -0.10683760683760682  0.01602564102564102  0.08012820512820513  -0.08547008547008544  0.008012820512820514  0.04006410256410254  -0.05876068376068372  -0.040064102564102526  0.008012820512820519  -0.005341880341880335  -0.008012820512820516  -0.04006410256410254  0.05341880341880344  -0.016025641025641017  -0.008012820512820507  -0.08547008547008549  -0.08012820512820511  
0.01602564102564101  0.04006410256410252  0.053418803418803465  -0.08012820512820511  0.08012820512820512  0.23504273504273515  -0.04006410256410254  -0.016025641025641017  0.05341880341880344  0.008012820512820514  -0.008012820512820516  -0.005341880341880335  0.04006410256410254  -0.04006410256410252  -0.05876068376068372  0.08012820512820515  0.008012820512820516  -0.08547008547008544  -0.01602564102564101  0.01602564102564103  -0.10683760683760685  -0.008012820512820507  -0.08012820512820512  -0.08547008547008549  
-0.08547008547008544  -0.0801282051282051  -0.008012820512820519  0.05341880341880348  -0.016025641025641024  -0.04006410256410254  0.23504273504273512  0.0801282051282051  -0.08012820512820511  -0.10683760683760679  0.016025641025640993  -0.01602564102564101  -0.08547008547008551  0.00801282051282051  0.08012820512820515  -0.05876068376068369  -0.04006410256410252  0.04006410256410252  -0.005341880341880352  -0.00801282051282051  0.008012820512820514  0.05341880341880345  0.04006410256410257  0.016025641025641028  
-0.08012820512820515  -0.08547008547008544  -0.008012820512820519  0.01602564102564101  -0.1068376068376068  -0.016025641025641038  0.08012820512820512  0.23504273504273512  -0.08012820512820511  -0.01602564102564101  0.05341880341880347  -0.040064102564102526  -0.008012820512820512  -0.005341880341880343  0.008012820512820514  -0.04006410256410254  -0.05876068376068372  0.04006410256410253  0.008012820512820509  -0.08547008547008549  0.08012820512820515  0.04006410256410257  0.05341880341880341  0.016025641025641017  
0.008012820512820514  0.008012820512820514  -0.005341880341880335  -0.04006410256410253  0.01602564102564103  0.05341880341880344  -0.08012820512820511  -0.08012820512820512  0.235042735042735  0.016025641025641038  -0.04006410256410251  0.05341880341880345  0.0801282051282051  -0.008012820512820512  -0.08547008547008551  0.040064102564102554  0.040064102564102554  -0.05876068376068369  -0.008012820512820509  0.08012820512820512  -0.08547008547008549  -0.01602564102564102  -0.016025641025641024  -0.10683760683760685  
0.05341880341880343  0.016025641025641024  0.040064102564102526  -0.08547008547008544  0.08012820512820512  0.008012820512820516  -0.10683760683760679  -0.01602564102564103  0.016025641025641017  0.2350427350427353  -0.08012820512820512  0.08012820512820513  0.05341880341880345  -0.040064102564102526  -0.01602564102564102  -0.005341880341880354  0.008012820512820523  -0.008012820512820519  -0.05876068376068369  0.04006410256410254  -0.04006410256410255  -0.08547008547008551  -0.008012820512820516  -0.08012820512820511  
-0.016025641025640983  -0.10683760683760686  -0.016025641025641007  0.08012820512820512  -0.08547008547008544  -0.008012820512820517  0.016025641025641003  0.05341880341880347  -0.040064102564102526  -0.08012820512820511  0.23504273504273526  -0.08012820512820512  -0.040064102564102526  0.05341880341880348  0.016025641025641024  -0.008012820512820514  -0.08547008547008533  0.08012820512820513  0.040064102564102505  -0.05876068376068369  0.04006410256410255  0.008012820512820505  -0.0053418803418803455  0.008012820512820514  
0.04006410256410252  0.016025641025641017  0.05341880341880345  -0.008012820512820503  0.008012820512820516  -0.005341880341880335  -0.01602564102564101  -0.040064102564102526  0.05341880341880344  0.08012820512820512  -0.08012820512820512  0.23504273504273515  0.016025641025641035  -0.016025641025641014  -0.10683760683760687  0.00801282051282052  0.08012820512820512  -0.08547008547008533  -0.04006410256410253  0.040064102564102554  -0.05876068376068372  -0.08012820512820512  -0.008012820512820512  -0.08547008547008551  
-0.005341880341880358  0.00801282051282052  0.00801282051282052  -0.05876068376068366  0.040064102564102554  0.04006410256410255  -0.08547008547008551  -0.008012820512820516  0.0801282051282051  0.05341880341880346  -0.04006410256410254  0.016025641025641028  0.2350427350427352  -0.08012820512820512  -0.08012820512820512  0.053418803418803444  0.016025641025641024  -0.04006410256410252  -0.08547008547008547  0.0801282051282051  -0.008012820512820517  -0.10683760683760676  -0.01602564102564103  -0.016025641025641024  
-0.008012820512820509  -0.08547008547008533  -0.08012820512820511  0.040064102564102505  -0.05876068376068372  -0.040064102564102526  0.008012820512820509  -0.005341880341880346  -0.00801282051282051  -0.04006410256410253  0.05341880341880348  -0.01602564102564103  -0.08012820512820512  0.23504273504273518  0.0801282051282051  -0.016025641025641003  -0.10683760683760687  0.016025641025641003  0.08012820512820515  -0.08547008547008547  0.00801282051282051  0.016025641025641017  0.05341880341880348  0.04006410256410253  
-0.008012820512820514  -0.08012820512820511  -0.08547008547008533  0.040064102564102526  -0.04006410256410253  -0.05876068376068372  0.08012820512820515  0.008012820512820509  -0.08547008547008551  -0.01602564102564101  0.016025641025641017  -0.10683760683760687  -0.08012820512820512  0.08012820512820512  0.23504273504273518  -0.04006410256410252  -0.016025641025641017  0.05341880341880347  0.008012820512820505  -0.00801282051282051  -0.005341880341880347  0.01602564102564101  0.04006410256410255  0.05341880341880345  
0.05341880341880344  0.040064102564102505  0.01602564102564102  -0.08547008547008544  0.008012820512820517  0.08012820512820513  -0.05876068376068369  -0.04006410256410255  0.04006410256410254  -0.005341880341880354  -0.008012820512820514  0.00801282051282052  0.053418803418803444  -0.016025641025641014  -0.04006410256410252  0.23504273504273526  0.08012820512820513  -0.08012820512820512  -0.10683760683760682  0.016025641025641014  -0.01602564102564103  -0.08547008547008547  -0.08012820512820511  -0.008012820512820517  
0.04006410256410251  0.05341880341880345  0.01602564102564102  -0.008012820512820503  -0.0053418803418803385  0.008012820512820516  -0.040064102564102526  -0.05876068376068372  0.04006410256410254  0.008012820512820519  -0.08547008547008533  0.08012820512820512  0.016025641025641035  -0.10683760683760687  -0.016025641025641024  0.08012820512820512  0.23504273504273523  -0.08012820512820511  -0.01602564102564101  0.05341880341880345  -0.040064102564102526  -0.08012820512820512  -0.08547008547008547  -0.008012820512820514  
-0.016025641025640996  -0.016025641025640983  -0.1068376068376069  0.08012820512820511  -0.008012820512820516  -0.08547008547008544  0.040064102564102526  0.040064102564102554  -0.05876068376068369  -0.008012820512820512  0.08012820512820513  -0.08547008547008533  -0.04006410256410251  0.016025641025640996  0.05341880341880347  -0.08012820512820511  -0.08012820512820511  0.23504273504273532  0.016025641025640996  -0.040064102564102526  0.05341880341880346  0.008012820512820505  0.008012820512820505  -0.005341880341880344  
-0.08547008547008544  -0.008012820512820519  -0.0801282051282051  0.05341880341880348  -0.04006410256410253  -0.016025641025641028  -0.005341880341880355  0.008012820512820517  -0.008012820512820509  -0.05876068376068369  0.040064102564102505  -0.040064102564102526  -0.08547008547008547  0.08012820512820515  0.00801282051282051  -0.10683760683760682  -0.01602564102564101  0.016025641025640993  0.23504273504273515  -0.08012820512820511  0.0801282051282051  0.053418803418803465  0.016025641025641028  0.04006410256410256  
0.008012820512820517  -0.00534188034188034  0.008012820512820514  -0.04006410256410253  0.05341880341880344  0.01602564102564102  -0.008012820512820507  -0.08547008547008549  0.08012820512820512  0.040064102564102554  -0.05876068376068369  0.04006410256410254  0.0801282051282051  -0.08547008547008547  -0.008012820512820512  0.016025641025641035  0.05341880341880345  -0.040064102564102526  -0.08012820512820511  0.2350427350427351  -0.08012820512820511  -0.01602564102564102  -0.1068376068376068  -0.016025641025641028  
-0.08012820512820515  -0.008012820512820517  -0.08547008547008544  0.01602564102564101  -0.01602564102564101  -0.10683760683760685  0.008012820512820509  0.08012820512820515  -0.08547008547008549  -0.04006410256410255  0.04006410256410254  -0.05876068376068372  -0.008012820512820509  0.008012820512820512  -0.00534188034188034  -0.016025641025641007  -0.04006410256410251  0.05341880341880346  0.08012820512820511  -0.08012820512820512  0.23504273504273518  0.040064102564102554  0.016025641025641003  0.05341880341880342  
-0.05876068376068366  -0.04006410256410252  -0.040064102564102526  -0.005341880341880352  -0.00801282051282051  -0.00801282051282051  0.05341880341880345  0.04006410256410258  -0.016025641025641028  -0.08547008547008551  0.008012820512820512  -0.08012820512820512  -0.10683760683760676  0.016025641025641014  0.016025641025641007  -0.08547008547008547  -0.08012820512820512  0.008012820512820505  0.053418803418803465  -0.016025641025641028  0.04006410256410257  0.23504273504273504  0.0801282051282051  0.0801282051282051  
-0.04006410256410255  -0.05876068376068369  -0.04006410256410251  0.008012820512820509  -0.08547008547008549  -0.08012820512820511  0.040064102564102574  0.05341880341880341  -0.016025641025641028  -0.00801282051282051  -0.0053418803418803455  -0.008012820512820512  -0.01602564102564102  0.05341880341880348  0.04006410256410253  -0.0801282051282051  -0.08547008547008547  0.008012820512820514  0.01602564102564103  -0.1068376068376068  0.016025641025641003  0.08012820512820512  0.23504273504273504  0.08012820512820512  
-0.040064102564102554  -0.040064102564102526  -0.05876068376068372  0.008012820512820505  -0.08012820512820511  -0.08547008547008549  0.01602564102564103  0.016025641025641017  -0.10683760683760685  -0.08012820512820511  0.008012820512820516  -0.08547008547008551  -0.016025641025641024  0.04006410256410255  0.05341880341880345  -0.00801282051282051  -0.00801282051282051  -0.005341880341880342  0.04006410256410256  -0.016025641025641024  0.05341880341880342  0.08012820512820512  0.08012820512820513  0.235042735042735  
