0.22222222222222254  0.04166666666666666  0.04166666666666666  -0.05555555555555554  -0.04166666666666666  -0.04166666666666666  -0.0694444444444445  -0.04166666666666666  -0.020833333333333325  0.02777777777777777  0.04166666666666666  0.020833333333333325  -0.02777777777777782  0.020833333333333325  0.02083333333333333  0.02777777777777778  0.020833333333333325  0.04166666666666666  -0.0694444444444445  -0.020833333333333325  -0.04166666666666666  -0.05555555555555545  -0.020833333333333325  -0.02083333333333333  
0.04166666666666666  0.22222222222222254  0.04166666666666666  0.04166666666666667  0.027777777777777762  0.020833333333333322  -0.04166666666666667  -0.06944444444444452  -0.020833333333333322  -0.04166666666666666  -0.055555555555555525  -0.04166666666666666  -0.020833333333333325  -0.0694444444444445  -0.04166666666666666  0.020833333333333325  0.027777777777777762  0.04166666666666666  0.02083333333333332  -0.027777777777777797  0.02083333333333333  -0.02083333333333332  -0.05555555555555544  -0.02083333333333333  
0.04166666666666666  0.04166666666666666  0.22222222222222254  0.041666666666666664  0.020833333333333322  0.027777777777777762  0.020833333333333325  0.020833333333333322  -0.027777777777777783  0.020833333333333325  0.041666666666666664  0.02777777777777777  -0.020833333333333325  -0.041666666666666664  -0.06944444444444453  -0.04166666666666666  -0.04166666666666666  -0.05555555555555551  -0.041666666666666664  -0.020833333333333322  -0.06944444444444453  -0.020833333333333325  -0.020833333333333322  -0.05555555555555544  
-0.05555555555555554  0.04166666666666667  0.041666666666666664  0.2222222222222226  -0.04166666666666667  -0.041666666666666664  0.02777777777777777  -0.04166666666666666  -0.020833333333333325  -0.0694444444444445  0.04166666666666666  0.020833333333333325  -0.05555555555555545  0.02083333333333333  0.020833333333333332  -0.0694444444444445  0.02083333333333332  0.041666666666666664  0.027777777777777776  -0.02083333333333332  -0.041666666666666664  -0.027777777777777766  -0.02083333333333333  -0.020833333333333332  
-0.04166666666666666  0.027777777777777762  0.020833333333333322  -0.04166666666666667  0.22222222222222238  0.041666666666666664  0.04166666666666667  -0.05555555555555556  -0.041666666666666664  0.04166666666666666  -0.06944444444444452  -0.020833333333333322  0.020833333333333325  -0.05555555555555545  -0.02083333333333333  -0.020833333333333325  -0.027777777777777797  0.02083333333333333  -0.02083333333333332  0.027777777777777773  0.04166666666666666  0.02083333333333332  -0.06944444444444442  -0.04166666666666666  
-0.04166666666666666  0.020833333333333322  0.027777777777777762  -0.041666666666666664  0.041666666666666664  0.22222222222222238  -0.020833333333333325  0.04166666666666667  0.02777777777777776  -0.020833333333333325  0.020833333333333322  -0.027777777777777783  0.020833333333333325  -0.020833333333333322  -0.05555555555555544  0.04166666666666666  -0.020833333333333322  -0.06944444444444453  0.041666666666666664  -0.041666666666666664  -0.05555555555555555  0.020833333333333325  -0.04166666666666667  -0.06944444444444445  
-0.0694444444444445  -0.04166666666666667  0.020833333333333325  0.02777777777777777  0.04166666666666667  -0.020833333333333325  0.22222222222222238  0.04166666666666666  -0.041666666666666664  -0.055555555555555566  -0.04166666666666666  0.041666666666666664  -0.06944444444444448  -0.02083333333333333  0.041666666666666664  -0.05555555555555545  -0.02083333333333332  0.020833333333333332  -0.02777777777777777  0.02083333333333332  -0.020833333333333332  0.027777777777777783  0.02083333333333333  -0.041666666666666664  
-0.04166666666666666  -0.06944444444444452  0.020833333333333322  -0.04166666666666666  -0.05555555555555556  0.04166666666666667  0.04166666666666666  0.22222222222222232  -0.04166666666666667  0.04166666666666666  0.027777777777777762  -0.020833333333333322  0.020833333333333325  -0.027777777777777755  -0.02083333333333333  -0.020833333333333325  -0.05555555555555545  0.02083333333333333  -0.02083333333333333  -0.06944444444444442  0.041666666666666664  0.02083333333333333  0.027777777777777776  -0.041666666666666664  
-0.020833333333333325  -0.020833333333333322  -0.027777777777777783  -0.020833333333333325  -0.041666666666666664  0.02777777777777776  -0.041666666666666664  -0.04166666666666667  0.2222222222222223  -0.04166666666666666  -0.020833333333333322  0.027777777777777755  0.04166666666666666  0.020833333333333322  -0.06944444444444449  0.020833333333333325  0.020833333333333322  -0.05555555555555544  0.020833333333333325  0.041666666666666664  -0.06944444444444445  0.041666666666666664  0.04166666666666667  -0.05555555555555559  
0.02777777777777777  -0.04166666666666666  0.020833333333333325  -0.0694444444444445  0.04166666666666666  -0.020833333333333325  -0.055555555555555566  0.04166666666666666  -0.04166666666666666  0.22222222222222238  -0.04166666666666666  0.04166666666666666  0.027777777777777783  -0.020833333333333325  0.04166666666666666  -0.02777777777777782  -0.020833333333333325  0.02083333333333333  -0.05555555555555545  0.020833333333333325  -0.02083333333333333  -0.06944444444444448  0.020833333333333325  -0.04166666666666666  
0.04166666666666666  -0.055555555555555525  0.041666666666666664  0.04166666666666666  -0.06944444444444452  0.020833333333333322  -0.04166666666666666  0.027777777777777762  -0.020833333333333322  -0.04166666666666666  0.2222222222222225  -0.041666666666666664  -0.020833333333333325  0.027777777777777762  -0.041666666666666664  0.020833333333333325  -0.0694444444444445  0.041666666666666664  0.02083333333333333  -0.05555555555555544  0.02083333333333333  -0.02083333333333333  -0.027777777777777755  -0.02083333333333333  
0.020833333333333325  -0.04166666666666666  0.02777777777777777  0.020833333333333325  -0.020833333333333322  -0.027777777777777783  0.041666666666666664  -0.020833333333333322  0.027777777777777755  0.04166666666666666  -0.041666666666666664  0.2222222222222225  -0.04166666666666666  0.041666666666666664  -0.05555555555555548  -0.020833333333333325  0.04166666666666666  -0.06944444444444453  -0.020833333333333325  0.020833333333333322  -0.05555555555555544  -0.041666666666666664  0.020833333333333322  -0.06944444444444449  
-0.02777777777777782  -0.020833333333333325  -0.020833333333333325  -0.05555555555555545  0.020833333333333325  0.020833333333333325  -0.06944444444444448  0.020833333333333325  0.04166666666666666  0.027777777777777783  -0.020833333333333325  -0.04166666666666666  0.22222222222222238  -0.04166666666666666  -0.04166666666666666  0.027777777777777787  -0.04166666666666666  -0.02083333333333333  -0.06944444444444448  0.04166666666666666  0.02083333333333333  -0.05555555555555557  0.04166666666666666  0.04166666666666666  
0.020833333333333325  -0.0694444444444445  -0.041666666666666664  0.02083333333333333  -0.05555555555555545  -0.020833333333333322  -0.02083333333333333  -0.027777777777777755  0.020833333333333322  -0.020833333333333325  0.027777777777777762  0.041666666666666664  -0.04166666666666666  0.22222222222222238  0.041666666666666664  0.04166666666666666  -0.0555555555555555  -0.041666666666666664  0.04166666666666666  -0.0694444444444445  -0.02083333333333333  -0.04166666666666666  0.02777777777777776  0.02083333333333333  
0.02083333333333333  -0.04166666666666666  -0.06944444444444453  0.020833333333333332  -0.02083333333333333  -0.05555555555555544  0.041666666666666664  -0.02083333333333333  -0.06944444444444449  0.04166666666666666  -0.041666666666666664  -0.05555555555555548  -0.04166666666666666  0.041666666666666664  0.22222222222222232  -0.02083333333333333  0.04166666666666666  0.02777777777777777  -0.020833333333333332  0.02083333333333333  -0.02777777777777777  -0.041666666666666664  0.02083333333333333  0.027777777777777762  
0.02777777777777778  0.020833333333333325  -0.04166666666666666  -0.0694444444444445  -0.020833333333333325  0.04166666666666666  -0.05555555555555545  -0.020833333333333325  0.020833333333333325  -0.02777777777777782  0.020833333333333325  -0.020833333333333325  0.027777777777777787  0.04166666666666666  -0.02083333333333333  0.22222222222222254  0.04166666666666666  -0.04166666666666666  -0.05555555555555554  -0.04166666666666666  0.04166666666666666  -0.06944444444444448  -0.04166666666666666  0.02083333333333333  
0.020833333333333325  0.027777777777777762  -0.04166666666666666  0.02083333333333332  -0.027777777777777797  -0.020833333333333322  -0.02083333333333332  -0.05555555555555545  0.020833333333333322  -0.020833333333333325  -0.0694444444444445  0.04166666666666666  -0.04166666666666666  -0.0555555555555555  0.04166666666666666  0.04166666666666666  0.22222222222222254  -0.04166666666666666  0.04166666666666667  0.02777777777777777  -0.02083333333333333  -0.04166666666666667  -0.0694444444444445  0.02083333333333333  
0.04166666666666666  0.04166666666666666  -0.05555555555555551  0.041666666666666664  0.02083333333333333  -0.06944444444444453  0.020833333333333332  0.02083333333333333  -0.05555555555555544  0.02083333333333333  0.041666666666666664  -0.06944444444444453  -0.02083333333333333  -0.041666666666666664  0.02777777777777777  -0.04166666666666666  -0.04166666666666666  0.22222222222222254  -0.041666666666666664  -0.02083333333333333  0.027777777777777762  -0.020833333333333332  -0.02083333333333333  -0.027777777777777766  
-0.0694444444444445  0.02083333333333332  -0.041666666666666664  0.027777777777777776  -0.02083333333333332  0.041666666666666664  -0.02777777777777777  -0.02083333333333333  0.020833333333333325  -0.05555555555555545  0.02083333333333333  -0.020833333333333325  -0.06944444444444448  0.04166666666666666  -0.020833333333333332  -0.05555555555555554  0.04166666666666667  -0.041666666666666664  0.2222222222222225  -0.04166666666666667  0.041666666666666664  0.027777777777777762  -0.04166666666666666  0.020833333333333332  
-0.020833333333333325  -0.027777777777777797  -0.020833333333333322  -0.02083333333333332  0.027777777777777773  -0.041666666666666664  0.02083333333333332  -0.06944444444444442  0.041666666666666664  0.020833333333333325  -0.05555555555555544  0.020833333333333322  0.04166666666666666  -0.0694444444444445  0.02083333333333333  -0.04166666666666666  0.02777777777777777  -0.02083333333333333  -0.04166666666666667  0.22222222222222232  -0.04166666666666666  0.04166666666666667  -0.05555555555555557  0.04166666666666666  
-0.04166666666666666  0.02083333333333333  -0.06944444444444453  -0.041666666666666664  0.04166666666666666  -0.05555555555555555  -0.020833333333333332  0.041666666666666664  -0.06944444444444445  -0.02083333333333333  0.02083333333333333  -0.05555555555555544  0.02083333333333333  -0.02083333333333333  -0.02777777777777777  0.04166666666666666  -0.02083333333333333  0.027777777777777762  0.041666666666666664  -0.04166666666666666  0.22222222222222227  0.020833333333333332  -0.041666666666666664  0.02777777777777777  
-0.05555555555555545  -0.02083333333333332  -0.020833333333333325  -0.027777777777777766  0.02083333333333332  0.020833333333333325  0.027777777777777783  0.02083333333333333  0.041666666666666664  -0.06944444444444448  -0.02083333333333333  -0.041666666666666664  -0.05555555555555557  -0.04166666666666666  -0.041666666666666664  -0.06944444444444448  -0.04166666666666667  -0.020833333333333332  0.027777777777777762  0.04166666666666667  0.020833333333333332  0.22222222222222227  0.04166666666666666  0.041666666666666664  
-0.020833333333333325  -0.05555555555555544  -0.020833333333333322  -0.02083333333333333  -0.06944444444444442  -0.04166666666666667  0.02083333333333333  0.027777777777777776  0.04166666666666667  0.020833333333333325  -0.027777777777777755  0.020833333333333322  0.04166666666666666  0.02777777777777776  0.02083333333333333  -0.04166666666666666  -0.0694444444444445  -0.02083333333333333  -0.04166666666666666  -0.05555555555555557  -0.041666666666666664  0.04166666666666666  0.22222222222222215  0.041666666666666664  
-0.02083333333333333  -0.02083333333333333  -0.05555555555555544  -0.020833333333333332  -0.04166666666666666  -0.06944444444444445  -0.041666666666666664  -0.041666666666666664  -0.05555555555555559  -0.04166666666666666  -0.02083333333333333  -0.06944444444444449  0.04166666666666666  0.02083333333333333  0.027777777777777762  0.02083333333333333  0.02083333333333333  -0.027777777777777766  0.020833333333333332  0.04166666666666666  0.02777777777777777  0.041666666666666664  0.041666666666666664  0.22222222222222215  
